,pib,despesas_publica,capital_fixo,producao_industrial_manufatureira,soja,milho_1,milho_2
2000-01-01,1.4,3.9,-5.0,,,,
2000-02-01,1.4,3.9,-5.0,,,,
2000-03-01,1.1,3.6,-0.3,,,,
2000-04-01,1.1,3.6,-0.3,,,,
2000-05-01,1.1,3.6,-0.3,,,,
2000-06-01,1.3,1.3,3.9,,,,
2000-07-01,1.3,1.3,3.9,,,,
2000-08-01,1.3,1.3,3.9,,,,
2000-09-01,1.4,-2.3,6.8,,,,
2000-10-01,1.4,-2.3,6.8,,,,
2000-11-01,1.4,-2.3,6.8,,,,
2000-12-01,1.1,-2.8,8.8,,,,
2001-01-01,1.1,-2.8,8.8,,,,
2001-02-01,1.1,-2.8,8.8,,,,
2001-03-01,0.2,1.1,10.2,,,,
2001-04-01,0.2,1.1,10.2,,,,
2001-05-01,0.2,1.1,10.2,,,,
2001-06-01,-0.4,2.2,2.0,,,,
2001-07-01,-0.4,2.2,2.0,,,,
2001-08-01,-0.4,2.2,2.0,,,,
2001-09-01,-0.4,3.5,1.2,,,,
2001-10-01,-0.4,3.5,1.2,,,,
2001-11-01,-0.4,3.5,1.2,,,,
2001-12-01,-0.5,3.6,-7.4,,,,
2002-01-01,-0.5,3.6,-7.4,,,,
2002-02-01,-0.5,3.6,-7.4,,,,
2002-03-01,2.5,4.3,-7.9,57.43586,,,
2002-04-01,2.5,4.3,-7.9,61.17946,,,
2002-05-01,2.5,4.3,-7.9,59.19544,,,
2002-06-01,0.4,4.1,-4.3,54.8014,,,
2002-07-01,0.4,4.1,-4.3,60.3471,,,
2002-08-01,0.4,4.1,-4.3,57.34579,,,
2002-09-01,1.3,4.2,-0.5,57.35828,,,
2002-10-01,1.3,4.2,-0.5,63.01677,,,
2002-11-01,1.3,4.2,-0.5,59.31287,,,
2002-12-01,1.0,2.8,7.6,52.04062,,,
2003-01-01,1.0,2.8,7.6,50.94177,,,
2003-02-01,1.0,2.8,7.6,53.46304,,,
2003-03-01,-0.3,-0.8,3.1,52.64289,,,
2003-04-01,-0.3,-0.8,3.1,53.94553,,,
2003-05-01,-0.3,-0.8,3.1,55.84357,,,
2003-06-01,-0.8,0.3,-6.8,53.1375,,,
2003-07-01,-0.8,0.3,-6.8,58.4036,,,
2003-08-01,-0.8,0.3,-6.8,57.93477,,,
2003-09-01,0.8,2.0,-6.9,63.22735,,,
2003-10-01,0.8,2.0,-6.9,70.41565,,,
2003-11-01,0.8,2.0,-6.9,70.75036,,,
2003-12-01,1.0,4.7,-4.9,59.63002,,,
2004-01-01,1.0,4.7,-4.9,58.29399,,,
2004-02-01,1.0,4.7,-4.9,58.36521,,,
2004-03-01,1.5,3.6,0.9,73.6638,,,
2004-04-01,1.5,3.6,0.9,67.72906,,,
2004-05-01,1.5,3.6,0.9,72.29933,,,
2004-06-01,2.7,6.5,11.9,71.88299,,,
2004-07-01,2.7,6.5,11.9,73.95052,,,
2004-08-01,2.7,6.5,11.9,76.24757,,,
2004-09-01,1.2,4.3,14.2,73.57437,,,
2004-10-01,1.2,4.3,14.2,74.7628,,,
2004-11-01,1.2,4.3,14.2,75.50665,,,
2004-12-01,0.8,1.3,7.2,68.47705,,,
2005-01-01,0.8,1.3,7.2,62.93994,,,
2005-02-01,0.8,1.3,7.2,60.00668,,,
2005-03-01,0.8,3.7,1.4,74.78425,,,
2005-04-01,0.8,3.7,1.4,70.54324,,,
2005-05-01,0.8,3.7,1.4,75.70558,,,
2005-06-01,1.1,0.6,3.0,78.43249,,,
2005-07-01,1.1,0.6,3.0,70.71014,,,
2005-08-01,1.1,0.6,3.0,78.22954,,,
2005-09-01,-0.6,1.7,0.9,77.56846,,,
2005-10-01,-0.6,1.7,0.9,75.374,,,
2005-11-01,-0.6,1.7,0.9,77.61966,,,
2005-12-01,1.4,2.1,2.6,71.74222,,,
2006-01-01,1.4,2.1,2.6,65.65296,,,
2006-02-01,1.4,2.1,2.6,65.66079,,,
2006-03-01,1.4,3.0,8.8,80.47899,,,
2006-04-01,1.4,3.0,8.8,69.26257,,,
2006-05-01,1.4,3.0,8.8,79.85976,,,
2006-06-01,0.4,2.4,3.6,75.84682,,,
2006-07-01,0.4,2.4,3.6,76.99628,,,
2006-08-01,0.4,2.4,3.6,84.00869,,,
2006-09-01,1.7,2.6,5.8,77.30867,52381672.0,31477232.0,10595844.0
2006-10-01,1.7,2.6,5.8,82.09543,52356720.0,31465468.0,10657512.0
2006-11-01,1.7,2.6,5.8,83.58261,52223579.0,31414490.0,10657512.0
2006-12-01,1.2,6.2,8.7,76.86342,52234589.0,31429528.0,11046437.0
2007-01-01,1.2,6.2,8.7,77.31218,56395247.0,35477136.0,12219438.0
2007-02-01,1.2,6.2,8.7,74.777,56699617.0,35917986.0,13257115.0
2007-03-01,1.7,4.3,7.2,90.71622,56865475.0,36320853.0,13990450.0
2007-04-01,1.7,4.3,7.2,81.17795,57171294.0,36414578.0,15020780.0
2007-05-01,1.7,4.3,7.2,95.13486,58490235.0,36766477.0,16149694.0
2007-06-01,1.8,6.6,12.4,88.51613,58263978.0,36248615.0,15501436.0
2007-07-01,1.8,6.6,12.4,92.03845,58227761.0,36170705.0,15533693.0
2007-08-01,1.8,6.6,12.4,101.92149,58238071.0,36418044.0,15786513.0
2007-09-01,1.0,4.9,14.2,94.25227,58257945.0,36347363.0,15349448.0
2007-10-01,1.0,4.9,14.2,104.64009,58255667.0,36318572.0,15256269.0
2007-11-01,1.0,4.9,14.2,102.64003,58197297.0,36358104.0,15231617.0
2007-12-01,1.5,0.7,13.7,90.55916,58189494.0,36293153.0,15236215.0
2008-01-01,1.5,0.7,13.7,90.58176,58270003.0,38402315.0,15352970.0
2008-02-01,1.5,0.7,13.7,94.0859,59581364.0,38383626.0,17246908.0
2008-03-01,1.3,3.0,12.0,102.76917,59944144.0,38841138.0,17325147.0
2008-04-01,1.3,3.0,12.0,106.18928,59457662.0,39590463.0,18170491.0
2008-05-01,1.3,3.0,12.0,102.41345,59841925.0,39872906.0,18406596.0
2008-06-01,2.0,0.5,13.6,109.98015,59807588.0,39860772.0,17497628.0
2008-07-01,2.0,0.5,13.6,114.91752,60022331.0,40081311.0,18419595.0
2008-08-01,2.0,0.5,13.6,114.47705,59995301.0,39978897.0,18598696.0
2008-09-01,1.5,3.9,18.0,119.89758,59925421.0,39969596.0,18592646.0
2008-10-01,1.5,3.9,18.0,124.80523,59923621.0,39967037.0,18770131.0
2008-11-01,1.5,3.9,18.0,109.99715,59920262.0,39954466.0,18743985.0
2008-12-01,-3.7,0.9,5.5,80.1489,59920262.0,39995410.0,18745355.0
2009-01-01,-3.7,0.9,5.5,79.56226,57776642.0,34068769.0,16763428.0
2009-02-01,-3.7,0.9,5.5,73.39855,57593978.0,33697373.0,17590987.0
2009-03-01,-1.3,3.2,-9.5,82.9053,58471633.0,34566028.0,17027257.0
2009-04-01,-1.3,3.2,-9.5,77.1245,57591757.0,34233903.0,17021137.0
2009-05-01,-1.3,3.2,-9.5,81.5387,57195834.0,33501783.0,17392426.0
2009-06-01,1.8,2.2,-8.3,84.31838,56851505.0,33844845.0,15930945.0
2009-07-01,1.8,2.2,-8.3,88.41354,56828146.0,33920559.0,16729012.0
2009-08-01,1.8,2.2,-8.3,88.8041,56823510.0,33770649.0,16327908.0
2009-09-01,2.4,0.3,-3.9,94.75114,56860110.0,33771195.0,17355757.0
2009-10-01,2.4,0.3,-3.9,104.11892,57019657.0,33847347.0,17292597.0
2009-11-01,2.4,0.3,-3.9,106.88909,57032468.0,33824407.0,17206319.0
2009-12-01,2.5,6.1,12.9,99.09491,57036668.0,33864085.0,17177549.0
2010-01-01,2.5,6.1,12.9,89.55269,66137344.0,33424815.0,17996575.0
2010-02-01,2.5,6.1,12.9,91.15047,66941524.0,33735243.0,18620733.0
2010-03-01,2.2,3.0,29.0,114.92197,67350136.0,33486684.0,19095737.0
2010-04-01,2.2,3.0,29.0,104.58762,67913643.0,33830625.0,19457468.0
2010-05-01,2.2,3.0,29.0,110.27518,68131230.0,33577605.0,19569483.0
2010-06-01,1.3,5.1,22.9,106.52333,68013461.0,33664978.0,19832393.0
2010-07-01,1.3,5.1,22.9,108.79987,68265873.0,33486581.0,20021468.0
2010-08-01,1.3,5.1,22.9,113.98497,68674134.0,33816741.0,20980696.0
2010-09-01,0.9,4.8,15.3,111.50404,68685605.0,33814346.0,21789169.0
2010-10-01,0.9,4.8,15.3,111.7104,68500880.0,33803717.0,21805759.0
2010-11-01,0.9,4.8,15.3,118.27779,68467108.0,33825013.0,21870059.0
2010-12-01,1.4,2.8,7.8,105.31038,68479967.0,34011631.0,22048007.0
2011-01-01,1.4,2.8,7.8,96.13331,67627612.0,32078672.0,19999996.0
2011-02-01,1.4,2.8,7.8,109.05375,68992950.0,32305985.0,22882567.0
2011-03-01,1.5,2.6,8.2,116.87522,71595025.0,32775317.0,23503546.0
2011-04-01,1.5,2.6,8.2,104.26819,72838610.0,33052131.0,24696214.0
2011-05-01,1.5,2.6,8.2,118.33425,74291984.0,33893442.0,24343749.0
2011-06-01,0.9,3.3,8.1,114.50638,74889136.0,33973926.0,23858928.0
2011-07-01,0.9,3.3,8.1,114.20104,74841577.0,34225435.0,21231685.0
2011-08-01,0.9,3.3,8.1,126.17652,74872713.0,34234728.0,21437021.0
2011-09-01,-0.2,1.8,5.8,113.60477,74845382.0,34231412.0,21974134.0
2011-10-01,-0.2,1.8,5.8,113.6144,74839655.0,34289534.0,22107652.0
2011-11-01,-0.2,1.8,5.8,116.01764,74837821.0,34128878.0,22107053.0
2011-12-01,0.9,1.2,5.5,108.33606,74829383.0,34194745.0,21904917.0
2012-01-01,0.9,1.2,5.5,79.82627,70068731.0,34249139.0,28269103.0
2012-02-01,0.9,1.2,5.5,98.35686,67852740.0,34748270.0,28518295.0
2012-03-01,-1.4,2.1,3.1,112.72594,66597687.0,34921441.0,31093024.0
2012-04-01,-1.4,2.1,3.1,97.45486,66410069.0,34314297.0,32941913.0
2012-05-01,-1.4,2.1,3.1,106.65488,65669826.0,34096897.0,34413912.0
2012-06-01,1.7,2.1,1.1,96.79065,65730655.0,33781767.0,35275962.0
2012-07-01,1.7,2.1,1.1,103.4912,65822995.0,33472002.0,37978139.0
2012-08-01,1.7,2.1,1.1,110.70677,65973911.0,34208291.0,38542433.0
2012-09-01,1.7,1.9,-1.5,96.08473,65384254.0,33448219.0,38866378.0
2012-10-01,1.7,1.9,-1.5,108.84672,65601575.0,33204224.0,38328705.0
2012-11-01,1.7,1.9,-1.5,100.18814,65583643.0,33284326.0,38327279.0
2012-12-01,0.1,2.9,0.6,88.87298,65705771.0,33279382.0,38211259.0
2013-01-01,0.1,2.9,0.6,98.75866,82953874.0,36144257.0,38059056.0
2013-02-01,0.1,2.9,0.6,103.44228,83288808.0,36091870.0,38319881.0
2013-03-01,0.5,-0.1,3.0,113.72664,80927337.0,35460491.0,39422374.0
2013-04-01,0.5,-0.1,3.0,120.09982,80996922.0,35490164.0,42316192.0
2013-05-01,0.5,-0.1,3.0,114.91146,81114862.0,34879469.0,43577639.0
2013-06-01,1.4,1.2,8.5,112.09691,81333792.0,34484065.0,43727256.0
2013-07-01,1.4,1.2,8.5,116.98051,81300690.0,34475274.0,45538120.0
2013-08-01,1.4,1.2,8.5,122.11212,81312070.0,34438283.0,46317493.0
2013-09-01,0.4,2.5,7.3,119.23677,81352964.0,34307357.0,46422860.0
2013-10-01,0.4,2.5,7.3,127.12923,81364313.0,34284275.0,46233019.0
2013-11-01,0.4,2.5,7.3,113.01028,81338487.0,34275361.0,46176232.0
2013-12-01,0.2,2.4,4.4,85.01468,81699787.0,34188640.0,46358399.0
2014-01-01,0.2,2.4,4.4,99.7297,91283222.0,33664217.0,42048789.0
2014-02-01,0.2,2.4,4.4,112.32646,88442511.0,33013136.0,41932237.0
2014-03-01,0.7,2.0,4.2,106.23007,86769230.0,31528611.0,42153722.0
2014-04-01,0.7,2.0,4.2,103.54193,86887561.0,31258172.0,43492865.0
2014-05-01,0.7,2.0,4.2,104.7536,86451711.0,31013410.0,45166709.0
2014-06-01,-1.3,1.2,-6.4,88.97062,86601018.0,31209620.0,45036670.0
2014-07-01,-1.3,1.2,-6.4,105.9491,86639858.0,30893005.0,46061835.0
2014-08-01,-1.3,1.2,-6.4,104.10452,86642526.0,30704854.0,46837189.0
2014-09-01,-0.1,1.0,-7.4,107.06169,86204857.0,30554842.0,47473131.0
2014-10-01,-0.1,1.0,-7.4,111.73832,86281097.0,30726084.0,47663965.0
2014-11-01,-0.1,1.0,-7.4,100.85871,86310460.0,30717681.0,48317601.0
2014-12-01,0.4,-0.9,-6.5,75.47568,86442860.0,30588780.0,48167397.0
2015-01-01,0.4,-0.9,-6.5,84.24972,95516844.0,31761361.0,44727358.0
2015-02-01,0.4,-0.9,-6.5,83.7828,94888440.0,30873716.0,44566250.0
2015-03-01,-0.8,-0.4,-9.4,93.7468,94785981.0,30935495.0,44941231.0
2015-04-01,-0.8,-0.4,-9.4,80.09926,95610365.0,30750703.0,45506272.0
2015-05-01,-0.8,-0.4,-9.4,77.8654,96257841.0,30481559.0,48518655.0
2015-06-01,-2.3,-1.6,-12.3,74.28116,96442521.0,30139226.0,50182972.0
2015-07-01,-2.3,-1.6,-12.3,76.74455,96666669.0,29958756.0,53309023.0
2015-08-01,-2.3,-1.6,-12.3,70.20976,96744941.0,29694108.0,54625679.0
2015-09-01,-1.6,-1.8,-14.9,73.87614,96921027.0,29605466.0,55364382.0
2015-10-01,-1.6,-1.8,-14.9,75.4133,96884196.0,29549117.0,56234869.0
2015-11-01,-1.6,-1.8,-14.9,69.83761,96926618.0,29504969.0,56198468.0
2015-12-01,-1.0,-1.9,-19.3,51.643,97043705.0,29469353.0,56238443.0
2016-01-01,-1.0,-1.9,-19.3,54.68148,102689122.0,28578545.0,52299302.0
2016-02-01,-1.0,-1.9,-19.3,63.41777,101816438.0,28382182.0,54296775.0
2016-03-01,-1.4,-0.1,-18.7,72.80235,100191047.0,27765917.0,56043825.0
2016-04-01,-1.4,-0.1,-18.7,68.09145,98472972.0,27701782.0,53529775.0
2016-05-01,-1.4,-0.1,-18.7,70.49556,96757132.0,25884828.0,47576940.0
2016-06-01,0.3,0.5,-10.7,73.54964,96569646.0,25201229.0,44908565.0
2016-07-01,0.3,0.5,-10.7,68.57591,96347984.0,25159305.0,42835153.0
2016-08-01,0.3,0.5,-10.7,74.38641,96388856.0,24591735.0,40881917.0
2016-09-01,-0.5,0.0,-10.6,70.90635,96056444.0,24335949.0,39495215.0
2016-10-01,-0.5,0.0,-10.6,69.19922,96036887.0,24369696.0,39194533.0
2016-11-01,-0.5,0.0,-10.6,72.02597,96026383.0,24311433.0,39202291.0
2016-12-01,-0.1,0.5,-7.6,60.3563,95753265.0,24319708.0,39030779.0
2017-01-01,-0.1,0.5,-7.6,58.16408,107039408.0,29662612.0,58351518.0
2017-02-01,-0.1,0.5,-7.6,65.75461,108404791.0,29838994.0,58619929.0
2017-03-01,1.0,-1.6,-5.3,76.14758,110935272.0,30241939.0,62128890.0
2017-04-01,1.0,-1.6,-5.3,64.29891,112858921.0,30266439.0,63191420.0
2017-05-01,1.0,-1.6,-5.3,76.08456,113871771.0,30994400.0,65962741.0
2017-06-01,0.8,-0.9,-7.6,74.06659,114776780.0,30867444.0,66797432.0
2017-07-01,0.8,-0.9,-7.6,73.79412,114996100.0,31170712.0,68183051.0
2017-08-01,0.8,-0.9,-7.6,81.31603,114918026.0,31080712.0,67354475.0
2017-09-01,0.3,-0.8,-0.9,75.45284,115062174.0,31176489.0,68370974.0
2017-10-01,0.3,-0.8,-0.9,79.77964,114959598.0,31144615.0,68232804.0
2017-11-01,0.3,-0.8,-0.9,77.85291,114968060.0,31045294.0,68511059.0
2017-12-01,0.6,0.5,4.0,66.50472,114982993.0,31064540.0,68481488.0
2018-01-01,0.6,0.5,4.0,68.44347,112433054.0,26487871.0,59284688.0
2018-02-01,0.6,0.5,4.0,70.51196,113154525.0,26449446.0,59685918.0
2018-03-01,0.5,1.0,3.4,82.91406,114525973.0,26491867.0,60676976.0
2018-04-01,0.5,1.0,3.4,79.28103,115617772.0,25631648.0,60927796.0
2018-05-01,0.5,1.0,3.4,71.2161,115752047.0,25691067.0,58868120.0
2018-06-01,0.0,1.2,3.9,80.60329,116309308.0,25977030.0,57736865.0
2018-07-01,0.0,1.2,3.9,79.214,116405751.0,26057453.0,56860356.0
2018-08-01,0.0,1.2,3.9,89.0458,116768024.0,25951221.0,55067524.0
2018-09-01,0.9,1.6,9.2,78.61206,117255703.0,26310836.0,54711233.0
2018-10-01,0.9,1.6,9.2,87.983,117737831.0,25904412.0,55786825.0
2018-11-01,0.9,1.6,9.2,79.85265,117927506.0,25868242.0,55984689.0
2018-12-01,-0.2,-0.6,4.2,63.33554,117833492.0,25743077.0,55621458.0
2019-01-01,-0.2,-0.6,4.2,63.38853,114721472.0,26376418.0,63050505.0
2019-02-01,-0.2,-0.6,4.2,75.30693,113393434.0,26106953.0,63253027.0
2019-03-01,0.3,-0.4,3.0,73.26144,112516470.0,25660026.0,65377518.0
2019-04-01,0.3,-0.4,3.0,79.25746,112605157.0,25768394.0,65823775.0
2019-05-01,0.3,-0.4,3.0,86.11465,112474505.0,25916777.0,68197770.0
2019-06-01,0.6,-0.5,7.4,76.54909,112546649.0,25959556.0,69340943.0
2019-07-01,0.6,-0.5,7.4,83.99658,113150491.0,25916627.0,72853710.0
2019-08-01,0.6,-0.5,7.4,85.23944,113194339.0,25722188.0,73136209.0
2019-09-01,0.0,-1.2,4.9,79.52899,112823827.0,26020398.0,74138135.0
2019-10-01,0.0,-1.2,4.9,85.97894,113018142.0,25922481.0,74313868.0
2019-11-01,0.0,-1.2,4.9,77.20919,113168021.0,25905985.0,74301766.0
2019-12-01,0.8,0.1,1.0,59.30548,113488489.0,25985997.0,74580128.0
2020-01-01,0.8,0.1,1.0,66.02026,123340208.0,27010135.0,69139530.0
2020-02-01,0.8,0.1,1.0,71.5681,125235188.0,27081279.0,69419952.0
2020-03-01,-2.2,-0.1,7.0,69.49501,120722412.0,26347468.0,70665787.0
2020-04-01,-2.2,-0.1,7.0,37.73947,121044411.0,26555426.0,70551027.0
2020-05-01,-2.2,-0.1,7.0,52.82652,119352169.0,26551608.0,70152496.0
2020-06-01,-8.8,-7.9,-14.5,59.44891,119899492.0,26712459.0,70800224.0
2020-07-01,-8.8,-7.9,-14.5,70.75789,120130863.0,26701165.0,73064865.0
2020-08-01,-8.8,-7.9,-14.5,72.90364,120969074.0,26535125.0,73671086.0
2020-09-01,7.9,-4.4,-8.8,80.12424,121386542.0,26512221.0,73943779.0
2020-10-01,7.9,-4.4,-8.8,87.85581,121500545.0,26631973.0,74220675.0
2020-11-01,7.9,-4.4,-8.8,86.96028,121550704.0,26592362.0,74374796.0
2020-12-01,3.7,-2.2,10.4,80.43284,121522363.0,26592956.0,76642108.0
2021-01-01,3.7,-2.2,10.4,77.31217,130307166.0,26262700.0,77423096.0
2021-02-01,3.7,-2.2,10.4,82.39428,130424395.0,25821382.0,77685880.0
2021-03-01,1.0,-2.1,11.7,90.63291,131830476.0,25432574.0,77603472.0
2021-04-01,1.0,-2.1,11.7,83.98128,131927408.0,25771550.0,76727987.0
2021-05-01,1.0,-2.1,11.7,90.53975,132909904.0,25844551.0,73326467.0
2021-06-01,-0.6,8.1,26.7,90.79873,133255236.0,25803498.0,69213042.0
2021-07-01,-0.6,8.1,26.7,96.32546,133426648.0,26433605.0,65152957.0
2021-08-01,-0.6,8.1,26.7,95.55956,133767654.0,25510309.0,61745849.0
2021-09-01,0.1,6.1,14.8,91.87467,134036384.0,25742405.0,60527347.0
2021-10-01,0.1,6.1,14.8,94.84626,134086406.0,25852967.0,60892023.0
2021-11-01,0.1,6.1,14.8,90.68421,134254267.0,25637212.0,62480295.0
2021-12-01,1.2,4.7,1.7,83.48466,134933704.0,25662204.0,62124916.0
2022-01-01,1.2,4.7,1.7,70.91506,131796763.0,27221237.0,82714199.0
2022-02-01,1.2,4.7,1.7,78.64282,123015134.0,25626231.0,83109302.0
2022-03-01,0.9,4.0,-5.9,95.11169,116179822.0,24660648.0,87218608.0
2022-04-01,0.9,4.0,-5.9,79.84629,118517403.0,25314905.0,86574788.0
2022-05-01,0.9,4.0,-5.9,95.06485,118609835.0,25718531.0,86321441.0
2022-06-01,1.1,1.8,2.0,90.11074,117959081.0,25802709.0,85388887.0
2022-07-01,1.1,1.8,2.0,90.23537,118773245.0,25751453.0,85739197.0
2022-08-01,1.1,1.8,2.0,99.35687,118834511.0,25842223.0,84085777.0
2022-09-01,0.9,2.6,5.1,96.07265,119497562.0,25376247.0,84179228.0
2022-10-01,0.9,2.6,5.1,94.63051,119462781.0,25372949.0,84989468.0
2022-11-01,0.9,2.6,5.1,91.31279,119541186.0,25413392.0,84730503.0
2022-12-01,0.5,0.3,3.2,84.26269,119523533.0,25426766.0,84739443.0
2023-01-01,0.5,0.3,3.2,,147545847.0,29447903.0,93097660.0
2023-02-01,0.5,0.3,3.2,,145021020.0,28714561.0,92724073.0
2023-03-01,1.4,1.5,1.5,,147240376.0,27896668.0,91895431.0
2023-04-01,1.4,1.5,1.5,,149063781.0,27921650.0,91936309.0
2023-05-01,1.4,1.5,1.5,,148195791.0,27899837.0,94904709.0
2023-06-01,0.7,4.8,-1.5,,148376257.0,28117912.0,96336896.0
2023-07-01,0.7,4.8,-1.5,,148764490.0,28103663.0,97104438.0
2023-08-01,0.7,4.8,-1.5,,150328350.0,28196512.0,99572340.0
2023-09-01,0.1,3.5,-6.8,,151216632.0,27996535.0,103751870.0
2023-10-01,0.1,3.5,-6.8,,151818091.0,27984185.0,103692638.0
2023-11-01,0.1,3.5,-6.8,,151669302.0,27756888.0,103276918.0
2023-12-01,0.4,5.1,-4.4,,151963045.0,27738515.0,103346496.0
2024-01-01,0.4,5.1,-4.4,,150424821.0,25867071.0,91839486.0
2024-02-01,0.4,5.1,-4.4,,149263107.0,25084101.0,91785939.0
2024-03-01,1.0,4.1,3.0,,146910727.0,24071504.0,92051031.0
2024-04-01,1.0,4.1,3.0,,148290815.0,23980208.0,91802194.0
2024-05-01,1.0,4.1,3.0,,146701036.0,23709139.0,90768517.0
2024-06-01,1.3,1.2,5.7,,146841982.0,23570728.0,90084042.0
2024-07-01,1.3,1.2,5.7,,145420710.0,23389673.0,94175308.0
2024-08-01,1.3,1.2,5.7,,145273017.0,23006870.0,93638698.0
2024-09-01,0.7,1.3,10.8,,144495831.0,22922524.0,93734848.0
2024-10-01,0.7,1.3,10.8,,144518179.0,22849130.0,92678035.0
2024-11-01,0.7,1.3,10.8,,144870682.0,22803372.0,92740245.0
2024-12-01,0.2,1.2,9.4,,144946662.0,22912466.0,91790726.0
2025-01-01,,,,,166543984.0,25210366.0,98922287.0
2025-02-01,,,,,164369708.0,25270645.0,99501298.0
2025-03-01,,,,,,,
